$ 1 0.000005 1.700203994009402 51 5 50 5e-11
d 240 80 304 144 2 1N4004
d 240 208 304 144 2 1N4004
d 176 144 240 80 2 1N4004
d 176 144 240 208 2 1N4004
T -48 80 128 288 0 4 0.14705882352941177 -0.3681035423796323 -1.8623991238087e-14 0.999
v -48 80 -48 288 0 1 60 180 0 0 0.5
w 128 80 240 80 0
w 128 288 176 288 0
w 176 288 240 288 0
w 240 288 240 208 0
w 176 144 176 368 0
g 368 368 368 448 0 0
r 528 144 528 224 0 2200
w 528 224 608 224 0
r 608 288 608 368 0 3000
t 688 208 720 208 0 1 -20.358409625391776 0.668029464310544 100 default
w 720 144 720 192 0
174 608 224 608 272 1 10000 0.9950000000000001 Resistance
w 688 208 624 256 0
w 720 224 720 288 0
r 720 368 720 288 0 120
w 528 224 528 256 0
34 zener-13-3 0 1.7143528192810002e-7 0 2 13 1
z 528 304 528 256 2 zener-13-3
w 528 304 528 368 0
w 176 368 368 368 0
w 528 368 608 368 0
w 608 368 720 368 0
w 304 144 368 144 2
w 368 144 448 144 1
w 448 144 528 144 1
w 368 368 448 368 0
w 448 368 528 368 0
c 368 368 368 144 4 0.001 -24.67016427448185 0.001 0
r 528 144 720 144 0 100
r 448 144 448 256 0 3000
162 448 256 448 368 2 default-led 1 0 0 0.01
o 20 64 0 4099 10 0.1 0 2 20 3
o 32 64 0 4099 40 0.4 1 2 32 3
o 20 64 0 4099 10 0.1 2 2 20 3
